SPY @ .95 allocation from start to 5/20/22
only in 1 position at a time
buy_hold = 880284 

125 250 = 871741 
100 250 = 764051
75 250 = 649357
50 250 = 793252
25 250 = 696263

100 200 = 695889
75 200 = 782045
60 200 = 823127
55 200 = 843205
54 200 = 864514
53 200 = 836713
52 200 = 795195
51 200 = 836402
50 200 = 850565
49 200 = 783747
48 200 = 792143
47 200 = 768881
46 200 = 783108
45 200 = 727076
40 200 = 710220
35 200 = 739349
30 200 = 681149
25 200 = 708218
24 200 = 706899
23 200 = 712413
22 200 = 774672
21 200 = 787656
20 200 = 782025
19 200 = 806080
18 200 = 744147
15 200 = 707205
10 200 = 766375
5 200 = 627530
4 200 = 717059
3 200 = 652477

100 150 = 685622
80 150 = 621066
75 150 = 596752
70 150 = 582964
60 150 = 610265
50 150 = 608758
40 150 = 564336
30 150 = 563384
20 150 = 621883
10 150 = 575314
5 150 = 584491

50 100 = 487995
40 100 = 424169
30 100 = 367518
25 100 = 350460
20 100 = 468513
10 100 = 633709
5 100 = 355065

25 50 = 261931

5 20 = 210208
